14
21
0 10 96 96 brochet.jpg
1 12 196 96 brochet.jpg
2 20 296 96 brochet.jpg
3 25 396 96 brochet.jpg
4 30 96 196 brochet.jpg
5 40 196 196 brochet.jpg
6 45 296 196 brochet.jpg
7 47 396 196 brochet.jpg
8 50 96 296 brochet.jpg
9 55 196 296 brochet.jpg
10 60 296 296 brochet.jpg
11 70 396 296 brochet.jpg
12 80 96 496 brochet.jpg
13 100 296 496 brochet.jpg
0 0 4 20
1 0 5 25
2 0 6 30
3 0 7 35
4 0 8 40
5 1 5 50
6 1 6 60
7 1 7 75
8 2 6 80
9 2 8 85
10 3 6 90
11 3 8 100
12 4 11 95
13 5 11 35
14 6 11 60
15 7 11 70
16 8 11 55
17 9 11 60
18 10 11 30
19 12 11 40
20 13 11 100
