14
21
0 10.0 100 100 brochet.jpg 
1 12.0 200 100 brochet.jpg
2 20.0 300 100 brochet.jpg
3 25.0 400 100 brochet.jpg
4 30.0 100 200 brochet.jpg
5 40.0 200 200 brochet.jpg
6 45.0 300 200 brochet.jpg
7 47.0 400 200 brochet.jpg
8 50.0 100 300 brochet.jpg
9 55.0 200 300 brochet.jpg
10 60.0 300 300 brochet.jpg
11 70.0 400 300 brochet.jpg
12 80.0 100 500 brochet.jpg
13 100.0 300 500 brochet.jpg
0 0 4 20.0
1 0 5 25.0 
2 0 6 30.0
3 0 7 35.0
4 0 8 40.0
5 1 5 50.0
6 1 6 60.0
7 1 7 75.0
8 2 6 80.0
9 2 8 85.0
10 3 6 90.0
11 3 8 100.0
12 4 11 95.0
13 5 11 35.0
14 6 11 60.0
15 7 11 70.0
16 8 11 55.0
17 9 11 60.0
18 10 11 30.0
19 12 11 40.0
20 13 11 100.0  